# Altitude (m), Number density (cm^-3)
0.000000000000000000e+00 2.617120165745855490e+25
5.000000000000000000e+02 2.486160220994474679e+25
1.000000000000000000e+03 2.357279005524861912e+25
1.500000000000000000e+03 2.234633977900551991e+25
2.000000000000000000e+03 2.114067679558010545e+25
2.500000000000000000e+03 2.000153314917126670e+25
3.000000000000000000e+03 1.891851519337016129e+25
3.500000000000000000e+03 1.789578038674032790e+25
4.000000000000000000e+03 1.693124999999999719e+25
4.500000000000000000e+03 1.602700276243093634e+25
5.000000000000000000e+03 1.518095994475138032e+25
5.500000000000000000e+03 1.438688535911601897e+25
6.000000000000000000e+03 1.363646408839779001e+25
6.500000000000000000e+03 1.291722375690607527e+25
7.000000000000000000e+03 1.222292817679557750e+25
7.500000000000000000e+03 1.154941988950275803e+25
8.000000000000000000e+03 1.089046270718231960e+25
8.500000000000000000e+03 1.024605662983425147e+25
9.000000000000000000e+03 9.616201657458563308e+24
9.500000000000000000e+03 8.998819060773479332e+24
1.000000000000000000e+04 8.395987569060773173e+24
1.050000000000000000e+04 7.809785911602209870e+24
1.100000000000000000e+04 7.244371546961324867e+24
1.150000000000000000e+04 6.705980662983424018e+24
1.200000000000000000e+04 6.198770718232042768e+24
1.250000000000000000e+04 5.722741712707181116e+24
1.300000000000000000e+04 5.279972375690606249e+24
1.350000000000000000e+04 4.870462707182319241e+24
1.400000000000000000e+04 4.492133977900551831e+24
1.450000000000000000e+04 4.144986187845303483e+24
1.500000000000000000e+04 3.829019337016574197e+24
1.550000000000000000e+04 3.540075966850828528e+24
1.600000000000000000e+04 3.276077348066297679e+24
1.650000000000000000e+04 3.032866022099446741e+24
1.700000000000000000e+04 2.808363259668507992e+24
1.750000000000000000e+04 2.600490331491712635e+24
1.800000000000000000e+04 2.409247237569060402e+24
1.850000000000000000e+04 2.230476519337016385e+24
1.900000000000000000e+04 2.064178176795579777e+24
1.950000000000000000e+04 1.909104972375690161e+24
2.000000000000000000e+04 1.764425414364640500e+24
2.050000000000000000e+04 1.629308011049723760e+24
2.100000000000000000e+04 1.503544889502762040e+24
2.150000000000000000e+04 1.386512430939226205e+24
2.200000000000000000e+04 1.277794889502762604e+24
2.250000000000000000e+04 1.177184392265193201e+24
2.300000000000000000e+04 1.084265193370165688e+24
2.350000000000000000e+04 9.986215469613258753e+23
2.400000000000000000e+04 9.194219613259667278e+23
2.450000000000000000e+04 8.466664364640882456e+23
2.500000000000000000e+04 7.797313535911600849e+23
2.550000000000000000e+04 7.182009668508287280e+23
2.600000000000000000e+04 6.616595303867402546e+23
2.650000000000000000e+04 6.094834254143645895e+23
2.700000000000000000e+04 5.616726519337015983e+23
2.750000000000000000e+04 5.176035911602208705e+23
2.800000000000000000e+04 4.768604972375690225e+23
2.850000000000000000e+04 4.394433701657457858e+23
2.900000000000000000e+04 4.049364640883977098e+23
2.950000000000000000e+04 3.731319060773479687e+23
3.000000000000000000e+04 3.438218232044198707e+23
3.050000000000000000e+04 3.167983425414363884e+23
3.100000000000000000e+04 2.918535911602209308e+23
3.150000000000000000e+04 2.689875690607734308e+23
3.200000000000000000e+04 2.477845303867403036e+23
3.250000000000000000e+04 2.284523480662983081e+23
3.300000000000000000e+04 2.105752762430938929e+23
3.350000000000000000e+04 1.943196132596684853e+23
3.400000000000000000e+04 1.793111878453038322e+23
3.450000000000000000e+04 1.655292127071823179e+23
3.500000000000000000e+04 1.529113259668508277e+23
3.550000000000000000e+04 1.413120165745856170e+23
3.600000000000000000e+04 1.306897099447513540e+23
3.650000000000000000e+04 1.209196823204419768e+23
3.700000000000000000e+04 1.119603591160220866e+23
3.750000000000000000e+04 1.037285911602209699e+23
3.800000000000000000e+04 9.614122928176792968e+22
3.850000000000000000e+04 8.917748618784528348e+22
3.900000000000000000e+04 8.275421270718230089e+22
3.950000000000000000e+04 7.685062154696131609e+22
4.000000000000000000e+04 7.138356353591159030e+22
4.050000000000000000e+04 6.635303867403314030e+22
4.100000000000000000e+04 6.171747237569059252e+22
4.150000000000000000e+04 5.743529005524860692e+22
4.200000000000000000e+04 5.348570441988949253e+22
4.250000000000000000e+04 4.984792817679557512e+22
4.300000000000000000e+04 4.648038674033148114e+22
4.350000000000000000e+04 4.338308011049723573e+22
4.400000000000000000e+04 4.051443370165744855e+22
4.450000000000000000e+04 3.787444751381215314e+22
4.500000000000000000e+04 3.542154696132595915e+22
4.550000000000000000e+04 3.317651933701657015e+22
4.600000000000000000e+04 3.107700276243093416e+22
4.650000000000000000e+04 2.914378453038673795e+22
4.700000000000000000e+04 2.733529005524861216e+22
4.750000000000000000e+04 2.565151933701656936e+22
4.800000000000000000e+04 2.409247237569060536e+22
4.850000000000000000e+04 2.261657458563535497e+22
4.900000000000000000e+04 2.126540055248618337e+22
4.950000000000000000e+04 1.997658839779005117e+22
5.000000000000000000e+04 1.877508287292817120e+22
5.050000000000000000e+04 1.764633287292817401e+22
5.100000000000000000e+04 1.658618093922651891e+22
5.150000000000000000e+04 1.558839088397789902e+22
5.200000000000000000e+04 1.464880524861878200e+22
5.250000000000000000e+04 1.376534530386740170e+22
5.300000000000000000e+04 1.293385359116021950e+22
5.350000000000000000e+04 1.215017265193370098e+22
5.400000000000000000e+04 1.141014502762430752e+22
5.450000000000000000e+04 1.071584944751380949e+22
5.500000000000000000e+04 1.005897099447513802e+22
5.550000000000000000e+04 9.441588397790054056e+21
5.600000000000000000e+04 8.859544198895026307e+21
5.650000000000000000e+04 8.310759668508286517e+21
5.700000000000000000e+04 7.793156077348065378e+21
5.750000000000000000e+04 7.304654696132594631e+21
5.800000000000000000e+04 6.847334254143645680e+21
5.850000000000000000e+04 6.414958563535910601e+21
5.900000000000000000e+04 6.007527624309391491e+21
5.950000000000000000e+04 5.625041436464088351e+21
6.000000000000000000e+04 5.265421270718231871e+21
6.050000000000000000e+04 4.926588397790053794e+21
6.100000000000000000e+04 4.608542817679556739e+21
6.150000000000000000e+04 4.309205801104971923e+21
6.200000000000000000e+04 4.028577348066297774e+21
6.250000000000000000e+04 3.762499999999999345e+21
6.300000000000000000e+04 3.513052486187844370e+21
6.350000000000000000e+04 3.278156077348065640e+21
6.400000000000000000e+04 3.057810773480662630e+21
6.450000000000000000e+04 2.849937845303867081e+21
6.500000000000000000e+04 2.654537292817679516e+21
6.550000000000000000e+04 2.469530386740331151e+21
6.600000000000000000e+04 2.296995856353591034e+21
6.650000000000000000e+04 2.134854972375690379e+21
6.700000000000000000e+04 1.983939226519336649e+21
6.750000000000000000e+04 1.842169889502762107e+21
6.800000000000000000e+04 1.710170580110497022e+21
6.850000000000000000e+04 1.587109806629834195e+21
6.900000000000000000e+04 1.472571823204419764e+21
6.950000000000000000e+04 1.366140883977900130e+21
7.000000000000000000e+04 1.267401243093922480e+21
7.050000000000000000e+04 1.175937154696132559e+21
7.100000000000000000e+04 1.090917127071823036e+21
7.150000000000000000e+04 1.012133287292817506e+21
7.200000000000000000e+04 9.393777624309391688e+20
7.250000000000000000e+04 8.718190607734805627e+20
7.300000000000000000e+04 8.092493093922650194e+20
7.350000000000000000e+04 7.512527624309390705e+20
7.400000000000000000e+04 6.976215469613257851e+20
7.450000000000000000e+04 6.477320441988950262e+20
